1.05840989715
0.930316242026
0.869000244024
0.803079713959
0.749410521236
0.71091533883
0.676718809633
0.648898991442
0.623559084577
0.59927357011
0.577462375447
0.556378572697
0.536183867241
0.516594394446
0.497534137948
0.479035770223
0.46124643673
0.444578660597
0.427238813325
0.41133414768
0.394620581037
0.378982150573
0.364130873562
0.349216824288
0.334207508289
0.319867376648
0.307253860408
0.292874060496
0.280891900335
0.267445377225
0.255724285379
0.242090183287
0.230913023034
0.220525750849
0.209185287328
0.200806765135
0.190700576007
0.18142278019
0.17129175222
0.162769052637
0.155290746209
0.14768552993
0.139951803096
0.133613908589
0.127149942463
0.117383173152
0.114233522407
0.110105646698
0.103796289792
0.0977778880354
0.0919293889863
0.0856039731762
0.0839665263944
0.0780229570354
0.0747355753165
0.0775044196561
0.0816007590925
0.0697038821926
0.0619153044724
0.0514900460695
0.0509476797599
0.0537973900179
0.0639731091346
0.0607821314913
0.0537848262713
0.0505668552697
0.0408511522202
0.0343835415525
0.0337273450653
0.0426513915609
0.0728054274316
0.0582638119394
0.0341332003335
0.0232801072338
0.0164462380089
0.0127217191589
0.0114191365671
0.0135211270161
0.141360541658
0.0948912074972
0.0379279955129
0.0183860229556
0.0106939514591
0.00741712129659
0.00567081322651
0.00470221320388
0.0041930032249
0.00590929950017
0.193414976298
0.0923275876232
0.03425533821
0.0154084399599
0.0089696526602
0.00587929310058
0.00439366352592
0.00353065801163
0.00298156837206
0.00261185222599
0.00227293450576
0.00200001770594
0.00328069055841
0.301352289715
0.0940301196333
0.034438784702
0.0156203451923
0.00889916057823
0.00565867372257
0.00417346920863
0.00335099486667
0.00281112694998
0.00241531072628
0.00211522153307
0.00186712557753
0.00171089899759
0.0147089130431
0.29127589131
0.0771691768875
0.0285417360058
0.0135236804583
0.00728220832462
0.00464623537486
0.00357215698103
0.00284501999071
0.00243652641896
0.00209905400235
0.00181477651812
0.00160249761511
0.00141501844936
0.00125553442449
0.00111814789994
0.000997565438548
0.000906912174194
0.30061134898
0.12791214932
0.0435951153349
0.0189302457206
0.0100155927116
0.00568355143363
0.00374329280637
0.00292556635907
0.00243649122086
0.00209058440208
0.00180666442155
0.00158526897494
0.00139939078922
0.00123647645191
0.00109717502494
0.000978895677878
0.000871537000656
0.000777170880643
0.000695692491037
0.000621548657148
0.270581124682
0.16095482418
0.0508604690528
0.0214346473935
0.0100195659343
0.00556028457071
0.00372399365193
0.00280599856039
0.00230475774009
0.00196186670932
0.00169634188855
0.0014909451241
0.0013204174041
0.00115525941977
0.00102289666377
0.000909925587237
0.000809683732207
0.000722973318676
0.000645398186463
0.000577844183817
0.000517830420838
0.0263183814704
0.348502243858
0.0832692270235
0.0298354831268
0.0131568003629
0.00657113351853
0.00412468661097
0.00290425904071
0.00233270586607
0.00195905294881
0.00168377178183
0.001465382997
0.00128430847303
0.0011333137613
0.00100411138321
0.000889543855683
0.000792728885927
0.000706662570328
0.000632113196924
0.000564571436067
0.000504610431676
0.000451276588447
0.000403828728961
0.000361670425882
0.00032459651816
0.000290664397702
0.00303836783584
0.383617006517
0.0936383485731
0.0331890717109
0.0135642634889
0.00686076132059
0.00405129498295
0.00286527589399
0.00221718835204
0.00183223028413
0.00156766376892
0.00136035275401
0.00118942341202
0.00104598703356
0.00092475953044
0.000820887267847
0.000728859371413
0.000649203176776
0.000580157651532
0.000518084862543
0.000463098162193
0.000415734296846
0.000371903428549
0.251643497958
0.138878889409
0.0417735919133
0.0162721534489
0.00729271881298
0.00408061104623
0.00276479442494
0.00228076408764
0.00179296957104
0.00150666587535
0.00129881162644
0.00113383001462
0.000997049704149
0.000880957748664
0.000780830125762
0.00069487133256
0.000618924945577
0.000556610336002
0.00050365432989
0.0643138309131
0.235752764269
0.0568989872533
0.0214860852285
0.00893649990232
0.0046468392156
0.0029270629311
0.00218582174237
0.00179363778088
0.00149135390188
0.00128615305778
0.00112180942202
0.000986324452864
0.000870506883542
0.000772638142779
0.00068661921959
0.00061231807808
0.000545917641843
0.000487837828569
0.000436494162829
0.000390742873333
0.000349724480913
0.00031332293276
0.000281030806107
0.000251656668067
0.000226194346705
0.297314974943
0.0995201192644
0.0304309088342
0.011635282663
0.00543705904482
0.00358400353306
0.00238727417605
0.00189068504297
0.00160303871731
0.00148388317797
0.0012503532909
0.00189776543331
0.0801374640764
0.0869145348267
0.0291945296924
0.011418908917
0.00500910070046
0.00275483567442
0.00197878670442
0.00144555863435
0.0011311717984
0.000967732257368
0.000846338369878
0.000747538054158
0.000664411430416
0.000593151169172
0.000530771019587
0.000476190123809
0.000427995078275
0.000384747806602
0.000346557028913
0.0003118916693
0.000281106508424
0.000253174789105
0.000228037868283
0.000206076578622
0.214507734923
0.119074138945
0.0331471851982
0.0121989580511
0.00531818528173
0.00291656888107
0.00209036311992
0.00163615239606
0.00136379641594
0.00117172480416
0.00101900181283
0.000892682796463
0.000788109683567
0.000698112728487
0.000620809113925
0.000553316137873
0.000493886215098
0.000441761187805
0.00039566938664
0.000354398337493
0.000317507711263
0.000284570386326
0.000255557073048
0.000229173571061
0.000205660557322
0.000184572960107
0.000165789100276
0.0001485174194
0.258869610783
0.100631108991
0.0305717320189
0.0111618194772
0.00515346709648
0.00297229672296
0.0020878349162
0.00161373513848
0.00132221014237
0.00111695698171
0.000968633804074
0.000848307012309
0.000748736198438
0.00066304335514
0.000589129485254
0.000524829883422
0.000468314867129
0.000418516695773
0.000374730119452
0.000335604239493
0.000301002546759
0.000269965514974
0.000242927621237
0.000218308451061
0.000195354360934
0.000175378198207
0.000157440093741
0.000141192929839
0.000126950785973
0.00011378957447
0.000101949750779
9.13795105831e-05
8.18918903759e-05
7.50298807931e-05
0.31179378435
0.0744545083954
0.021994472634
0.00807232789038
0.00386612174384
0.00249536561228
0.00180556212974
0.0015596249785
0.00136257665019
0.00102861715014
0.000854111878137
0.000744883017836
0.000655840191691
0.000580946120853
0.000517179410332
0.000461071055268
0.00041180175126
0.000368754750748
0.000330399599834
0.000296616848371
0.000265854152333
0.000238738881734
0.000214583895679
0.000192729796657
0.000173306512899
0.000155772888984
0.000139968670035
0.000125763623102
0.000113048757058
0.000101565316624
9.11669417692e-05
8.19558838566e-05
7.37206507929e-05
0.203465318819
0.144181190124
0.0361781987263
0.0123471079302
0.00516713748562
0.00314881722348
0.00246089977265
0.00161494109949
0.00123389019624
0.00098915905647
0.000847449717055
0.000739242903395
0.000650447574943
0.000575544741956
0.000511335063622
0.000455470956191
0.000406943096973
0.000364239463999
0.000326033459801
0.000292178801239
0.0002622358858
0.000235405832714
0.000211403627526
0.000189823328886
0.000170504320403
0.00015319147713
0.000137703089235
0.000123732126487
0.000111125049418
9.97810837247e-05
8.96211480862e-05
8.06773593971e-05
0.277474931468
0.0844131585301
0.0239838538879
0.0092106063812
0.00441867689747
0.00240749363063
0.00167420697295
0.00139951995362
0.00110605596708
0.000931296719499
0.000808487123493
0.000708163947394
0.000624099903291
0.000552895921801
0.000491197992381
0.000437418185173
0.00039073259417
0.000349557229183
0.000312355038887
0.000279929162061
