1.06189637532
0.92577273481
0.867197521266
0.813907864504
0.764233055778
0.721132868681
0.687600150273
0.658027432644
0.631861096274
0.607298566946
0.585365411915
0.564374560181
0.543372713709
0.523950439642
0.505327653923
0.487450189691
0.469491153154
0.451044864079
0.434770635945
0.418680699494
0.402471605608
0.386351134723
0.371075616074
0.356154294022
0.341128547362
0.327033972897
0.314023716879
0.299607039511
0.287294345047
0.276308760126
0.263085258878
0.250299837159
0.238654409657
0.227062551306
0.217231575284
0.205823619303
0.19570715577
0.186444254276
0.178264153618
0.16984981127
0.163649675829
0.15231980068
0.144997237419
0.136837965709
0.13190505407
0.12423279047
0.117676695967
0.110464936485
0.110063126271
0.105037505852
0.0972231262774
0.0899642309689
0.0874760163269
0.0840254715923
0.0777816486373
0.0789372423763
0.0780598544359
0.0687393283707
0.0622178005412
0.0629053854574
0.0692418155005
0.0644952975317
0.0527581020638
0.0473235483659
0.0464972493668
0.0452956358655
0.0460589904126
0.053951013114
0.0608888674576
0.0543578296767
0.0378084365132
0.0270540862649
0.022065137
0.022937416852
0.0576230020627
0.0825026954679
0.0485497881043
0.0275172599261
0.0175153567716
0.0116880989679
0.00829223267577
0.00753284312253
0.0167639186294
0.167969834395
0.0721044077719
0.0333566976541
0.0158578920452
0.00878880531584
0.00620956971547
0.00483308002304
0.00394450773485
0.00344838875282
0.00305739765351
0.00279279066977
0.0345406129414
0.273307214847
0.0708174175885
0.0287890582534
0.0142337700871
0.00806070085095
0.00544426878737
0.00422984135183
0.00344280653388
0.00292938675629
0.00253909802756
0.00237846246153
0.0865869827932
0.193156070306
0.055692256508
0.0225514562682
0.0114846110118
0.00694406369227
0.00464894535145
0.00390949275523
0.0031829236403
0.00246230425354
0.00211232087705
0.00192844152213
0.0018692742331
0.185224819503
0.121078213517
0.0399276628076
0.0160187733368
0.00827484085534
0.00487240522758
0.00344796000128
0.00278115021749
0.00234870686644
0.00204632069851
0.00179731188655
0.00172349416447
0.102830075744
0.162548609097
0.047010001937
0.01807725741
0.00858430206823
0.00509637525048
0.00355197369019
0.00266368863308
0.00221271124286
0.00190323072716
0.00167636863975
0.001462325775
0.00129123541546
0.00114828616016
0.00102771729745
0.000919630642268
0.000822718314314
0.000738957569656
0.00066239775043
0.000594849556483
0.000534882677368
0.000486211410669
0.000440599043962
0.164747582367
0.296382007307
0.0806057305941
0.0295978809544
0.0129253197293
0.00665040287528
0.00434168332026
0.00322171280973
0.00259835333863
0.00215454161007
0.00184288347952
0.00160085593654
0.00140519684923
0.00123755095898
0.00109576050712
0.000972577281451
0.000868370532059
0.00511539523198
0.293813448595
0.0773606025699
0.0273267059463
0.0114452693963
0.00582133767345
0.00389953334944
0.00284438139273
0.00444720681838
0.0035373242581
0.00607293035587
0.0413390111705
0.0939083471624
0.038157099791
0.0156260592282
0.00790897470634
0.00428175416199
0.0029735217224
0.00206672085531
0.00149794960334
0.00122493885376
0.0010585896029
0.000919675010152
0.000817434535141
0.000731549468962
0.000657569202514
0.000592515347875
0.000534738046527
0.000482273210843
0.000436105400694
0.000394567818945
0.000356281776028
0.000327218231203
0.000291776536634
0.000262158532854
0.000236269050658
0.000212969659352
0.000191831184712
0.000173589996974
0.000156119717136
0.000140223416192
0.000125869533107
0.204439459365
0.255590233979
0.0615985650483
0.0208442170927
0.00887028313233
0.00431129334791
0.00289355071581
0.00217401691204
0.00179055066152
0.00152005779599
0.0013140330449
0.00114326750016
0.00100375667326
0.000886329438704
0.0028337949568
0.200833141564
0.0628635747992
0.0225874532377
0.00875624875442
0.00440257315489
0.00258757122127
0.00182878731279
0.00149281991223
0.00127355049223
0.00110685487077
0.000973303643675
0.000861768891514
0.000765987813809
0.000684125208385
0.000611824941805
0.00054838100044
0.000491786653399
0.000442718023046
0.000397442356846
0.000357463349778
0.000321747434136
0.000289267419008
0.000260134736302
0.000234013052678
0.000210419649479
0.000189216693316
0.000171930543366
0.135815702477
0.249152357619
0.0589416192627
0.0186634910735
0.00774109438296
0.00392975258286
0.00269484553239
0.00202666802828
0.0016666993744
0.00141404751513
0.00122163090994
0.0010670963634
0.000937711837217
0.000829361557961
0.000734611540852
0.000653682512169
0.00058243826294
0.000520164313056
0.00046508462096
0.000416456037382
0.000372907365599
0.000334129558744
0.000299753826097
0.00026874839432
0.000241270763647
0.000216968425186
0.109347356835
0.259459461474
0.0602383868943
0.020609356233
0.00839546605986
0.0042740424614
0.00284651384706
0.00208870146422
0.00166838204667
0.00139905971726
0.00120598461133
0.00105178716462
0.000924621333643
0.000815687574627
0.00072267152917
0.00064235558646
0.000572056333873
0.000510288491196
0.000456518087243
