1.03684309208
0.883922161602
0.791925439366
0.742889669781
0.71040409781
0.686420450334
0.667160579954
0.644842331775
0.622931646816
0.605956994624
0.596436581497
0.579146120785
0.558514824688
0.534494855667
0.518117297921
0.503022383966
0.489276212833
0.475533759397
0.461449321903
0.460477003089
0.445775376131
0.427263078518
0.416035205547
0.405636042334
0.394332839419
0.384554705072
0.373723678179
0.366501582497
0.35748989381
0.35063995568
0.343865620668
0.33360914266
0.327251965698
0.324816799969
0.314307218064
0.307414213552
0.300739229444
0.296585024411
0.290865688365
0.284554675656
0.278935639532
0.274342921322
0.271787312295
0.265025214302
0.260405497386
0.255662000912
0.251703587737
0.248435006217
0.243375114487
0.238841128575
0.235304033039
0.232508250667
0.228429244144
0.224188129749
0.221757494817
0.218130238789
0.21428875805
0.211474516421
0.208846081256
0.20351175815
0.202498271466
0.198446414133
0.195774111744
0.193523468243
0.19081530578
0.187390955237
0.184325219752
0.18075257852
0.178326917097
0.175197209312
0.1732702623
0.171490131354
0.169415725324
0.165137852498
0.163959486307
0.161276570994
0.157495638329
0.15699788943
0.155571549386
0.153121487795
0.148170929325
0.147026731851
0.145854906141
0.142188640108
0.139870850159
0.137794738829
0.135505420957
0.136354789
0.133276301141
0.130073969188
0.127184747027
0.127579638332
0.124873224344
0.122009376375
0.121234507741
0.120023737652
0.11798522775
0.119072167963
0.112923801096
0.110212114424
0.108266092014
0.109320632993
0.108344414454
0.105249106043
0.105775464493
0.1034640644
0.101866096093
0.0998745071788
0.0966943109849
0.0987032842816
0.0980509377262
0.093697054285
0.10006785369
0.0962608846115
0.0889182561465
0.0849163075396
0.0825377131418
0.0821883129676
0.086790751219
0.0851145930208
0.0868076792278
0.0797797742626
0.0794426134932
0.0775805560956
0.0781842064641
0.080247413887
0.0848796467475
0.0754708356499
0.0681438580341
0.0683836420956
0.0723727630008
0.0742888338405
0.0685772685847
0.0679717031762
0.0728950495133
0.0690189463609
0.0734918220892
0.0737106693869
0.0617857755196
0.0714176933449
0.0594389087182
0.0585280233679
0.0651698627024
0.0595910013019
0.0612318216679
0.060290211082
0.0590255641712
0.0620682461529
0.0599292056979
0.0556909379396
0.0622962853498
0.05620988159
0.0505541389029
0.0507830857932
0.0493351998457
0.056141609297
0.0577439289833
0.0564401459795
0.0548030150291
0.0494067741253
0.0478967602017
0.050291830238
0.0527911890403
0.0532109892331
0.0585676711457
0.0522786836255
0.0436702051313
0.0378434465578
0.0356359010395
0.0482738478988
0.0685617616129
0.0564399927259
0.0444712126041
0.0385966419804
0.0396821219827
0.0403356700388
0.0473628761485
0.0477097985364
0.0525369004958
0.046413606733
0.0418088160007
0.0400890641632
0.0403386997574
0.0344539336021
0.0379940228839
0.0438556423181
0.044945834757
0.0539356671528
0.0468865455373
0.035635680737
0.0290408158963
0.0298061699674
0.0331009290712
0.043052079742
0.0691998261388
0.0545267821838
0.0347875431099
0.0249466638998
0.0228728082029
0.0238185940006
0.0386691572803
0.061218559171
0.072366898028
0.0435698087857
0.0308203607586
0.0218869444924
0.0197436595355
0.0192419594516
0.0216329028472
0.056207529352
0.0948826600514
0.0636088499107
0.032948184435
0.0194381649292
0.0146734708394
0.0127860319239
0.0125043323738
0.0172309919647
0.0544170041544
0.144620265266
0.0679243166467
0.0291239043403
0.0163578331517
0.0116491074009
0.00991587678638
0.00823766985033
0.00913582631939
0.0307752159902
0.165795985479
0.0838652682075
0.0360530258558
0.0185712552748
0.0122422185327
0.00809020644985
0.00727216854479
0.00721798201948
0.0122522621168
0.117148692649
0.129335604825
0.0515234675828
0.0261014243544
0.0157530705372
0.0104984445045
0.00788506372027
0.00689020391275
0.00629914929282
0.00938518928138
0.112499794094
0.145115028515
0.0562297198934
0.0265859241768
0.015646499364
0.0105473525941
0.00786289944424
0.00643691857952
0.00679291165768
0.0201240209485
0.123980876484
0.0944632930386
0.0396364086975
0.0201936362167
0.0141603928293
0.00887635179205
0.00603923438999
0.00513574445555
0.00537844787465
0.0195473676926
0.179379170905
0.0980915628014
0.0369095569772
0.0177502695048
0.0102690859069
0.00727379485017
0.00563848305747
0.00503272059301
0.00603614644083
0.011079044132
0.117939709481
0.138499205684
0.0518927198106
0.0233993834603
0.0134462254898
0.00816747132081
0.00591186107844
0.00465783404193
0.00454929997269
0.00554896308923
0.0544709022086
0.169265954678
0.0678455730866
0.0286193375268
0.0145456824152
0.00900901668111
0.00575513510789
0.004746353954
0.00428934520927
0.00472227214632
0.0166876982257
0.155686672842
0.0946300628302
0.037991564347
0.0175859782126
0.0100044040094
0.00589655623047
0.00407584469323
0.00335524071245
0.00378482143481
0.00562210870565
0.145596542347
0.12478008633
0.0426165685498
0.0196729489517
0.0111921107731
0.00695192001744
0.00500081118147
0.00441748567505
0.00415514333728
0.0169012657963
0.134852098312
0.0811045052621
0.0326794071436
0.0165589941675
0.0103486681562
0.00681959698061
0.00634138075834
0.00525780798968
0.00549810076236
0.00995830308288
0.108048295337
0.108022249645
0.0405817305027
0.01880626875
0.0107454090796
0.00614884138067
0.00384358466945
0.00289351895989
0.00278270062385
0.00547107897689
0.0663974571944
0.150959551914
0.05501524542
0.0243977023451
0.0123169848508
0.00747248754379
0.00502345325605
0.0048114638104
0.00502164561004
0.0085199937595
0.0572653395775
0.114612460012
0.050844345548
0.023497738236
0.0148496159696
0.00917852985349
0.00617866256803
0.00448741550953
0.00356183983749
0.00258226823563
0.00218887941273
0.00330814491454
0.129581971597
0.153124952803
0.0501578342093
0.0210876152292
0.00979429200175
0.00569073793242
0.00375584492236
0.00303597150826
0.00235546886845
0.00214309573386
0.00189049676514
0.00177065286882
0.00155401392003
0.00214375096621
0.249770610955
0.168178783961
0.0561131088806
0.0246632764629
0.0131998243871
0.00770403007498
0.00517079123199
0.00382276828012
0.00294472232639
0.00257339782484
0.0025692961725
0.00371047679909
0.0649527352185
0.172939666025
0.0634389870207
0.0273829129543
0.0129670306936
0.0067692747279
0.00390819292048
0.0032229113289
0.00298238657966
0.00233853368445
0.00225974252534
0.00274074108288
0.0702916146721
0.191514429388
0.0610873568199
0.0251043380609
0.0120397957631
0.00865654230613
0.00585284688364
0.00432138663778
0.00338040277751
0.00385305734717
0.00732224823675
0.050117246482
0.12279547942
0.0529596738518
0.0246023343372
0.0116761976728
0.00609939181302
0.00464605214933
0.00297527916524
0.00216519001902
0.00200743447855
0.00173949954433
0.00765433424157
0.155201958124
0.10864565702
0.0392881831085
0.0165974152508
0.00828299309331
0.00515749068689
0.0036407266419
0.00263541026544
0.00219382578257
0.00196006109572
0.00169017917599
0.00155761008362
0.0442238193078
0.201599925187
0.0733743937907
0.0293841894143
0.0132239267792
0.00683051518009
0.00459318881158
0.003239877373
0.00264466289785
0.00231230059395
0.00202125618152
0.00192809817828
0.00445944501195
0.171888701295
0.111780260154
0.0430456570875
0.0201535180838
